2
451.0 427.0 481.0 425.0
493.5 467.5 529.0 466.0
639.0 494.0 675.0 491.0
570.0 535.0 630.0 532.0
837.5 536.5 895.5 532.5
419.5 631.5 486.5 627.5
630.0 710.0 722.5 707.5
884.5 748.5 961.5 746.5
12
510.5 480.5 549.0 478.0
668.5 514.5 707.5 511.5
413.5 526.5 461.5 523.5
582.5 559.5 650.5 555.5
881.0 564.0 946.0 560.0
405.0 668.0 480.5 665.5
636.0 768.0 741.0 766.0
941.0 836.0 1031.0 835.0
24
512.0 430.0 540.0 428.0
532.0 501.0 574.5 497.5
709.0 546.0 752.5 543.5
422.0 554.0 475.5 551.5
598.0 598.0 675.5 595.5
947.5 610.5 1024.5 606.5
371.5 735.5 465.0 732.0
36
487.5 464.5 522.0 462.0
553.5 524.5 602.0 522.0
752.5 587.5 804.0 584.0
425.5 587.5 485.0 585.0
611.5 647.5 700.5 644.5
1033.5 672.5 1124.5 668.5
318.0 832.0 431.0 828.0
48
584.5 464.5 620.0 462.0
502.5 480.5 538.0 478.0
575.0 554.0 627.5 551.5
422.0 628.0 489.0 626.0
804.5 640.5 864.5 636.5
619.0 714.0 726.5 711.5
1151.5 764.5 1263.5 761.5
60
623.5 485.5 663.0 482.0
515.5 499.5 553.5 496.5
595.5 589.5 654.5 586.5
409.5 678.5 485.0 677.0
866.5 714.5 940.5 712.5
621.0 815.0 757.0 813.0
72
354.0 403.0 385.0 402.0
707.0 507.0 662.5 511.5
527.5 522.5 569.5 519.5
615.0 633.0 681.0 631.0
375.5 750.5 468.5 746.5
950.5 831.5 1044.0 830.0
84
382.0 413.0 416.5 410.5
622.5 436.5 658.0 435.0
705.0 544.0 755.0 540.0
536.5 547.5 583.5 545.5
632.5 690.5 711.0 690.0
96
411.5 424.5 447.5 421.5
314.0 430.0 346.0 429.0
662.0 450.0 698.0 448.0
544.5 579.5 597.0 577.0
748.0 588.0 807.0 583.0
648.5 773.5 746.0 773.0
108
439.0 437.0 478.0 435.0
341.0 446.0 375.5 444.5
702.0 467.0 742.0 464.0
552.0 618.0 610.5 615.5
800.0 645.0 868.5 641.5
120
466.5 452.5 507.0 450.0
745.5 485.5 788.5 483.5
555.5 665.5 623.0 663.0
861.0 731.0 945.5 725.5
132
495.0 470.0 539.0 468.0
380.5 485.5 419.0 483.0
792.5 508.5 840.0 506.0
556.5 729.5 636.5 727.5
144
521.0 489.0 570.0 487.0
842.0 537.0 894.5 534.5
553.5 823.5 649.5 821.5
156
548.0 451.0 581.0 448.0
546.0 515.0 600.0 511.0
403.5 542.5 451.0 540.0
895.5 573.5 956.5 570.5
168
585.0 467.0 620.5 465.5
569.5 544.5 629.0 542.0
406.5 581.5 461.5 579.5
959.5 620.5 1030.0 618.0
180
391.0 389.0 417.0 388.0
622.0 488.0 662.0 485.0
591.5 581.5 659.5 578.5
401.0 632.0 466.0 629.0
1036.5 683.5 1121.0 681.0
192
661.0 513.0 703.0 511.0
612.0 628.0 689.0 625.0
1144.0 779.0 1247.0 776.0
204
458.0 409.0 486.5 408.5
699.0 544.0 747.0 541.0
627.0 691.0 721.0 689.0
321.5 799.5 426.5 797.5
216
493.0 421.0 523.0 419.0
736.5 583.5 791.5 581.5
639.5 785.5 756.5 782.5
228
529.5 434.5 563.5 433.5
778.0 634.0 839.5 631.5
385.0 803.0 471.0 784.0
240
471.0 411.0 499.0 410.0
568.0 450.0 603.0 449.0
825.0 705.0 899.0 702.0
252
366.0 412.0 393.0 411.0
506.0 423.0 535.0 420.0
607.5 469.5 646.0 467.0
884.0 810.0 978.0 810.0
264
542.0 435.0 573.0 434.0
648.5 491.5 691.5 489.5
276
420.0 432.0 450.0 431.0
579.5 450.5 613.0 449.0
691.5 519.5 738.5 516.5
288
485.0 423.0 514.0 422.0
327.0 432.0 356.0 429.0
446.0 445.0 477.5 443.5
616.0 469.0 653.5 466.5
738.5 553.5 791.5 550.5
300
518.0 435.0 548.0 434.0
348.5 444.5 378.5 443.5
472.0 460.0 506.0 458.0
652.5 491.5 693.0 488.0
788.5 597.5 851.5 595.5
312
320.0 424.0 347.5 421.5
552.0 450.0 584.0 449.0
367.5 459.5 400.0 457.0
496.5 476.5 533.0 474.0
689.0 518.0 734.5 515.5
845.5 658.5 919.0 655.0
324
345.0 435.0 375.5 433.5
587.5 466.5 621.0 464.0
383.5 476.5 419.0 474.0
517.5 496.5 559.5 494.5
729.0 551.0 780.0 548.0
914.5 745.5 1006.0 744.0
336
452.0 390.0 473.0 391.0
506.5 434.5 540.0 432.0
366.5 448.5 399.0 446.0
623.0 487.0 659.0 485.0
399.0 496.0 437.0 494.0
539.0 520.0 584.0 518.0
771.0 593.0 830.0 590.0
348
415.0 380.0 438.0 379.0
496.0 400.0 517.0 399.0
539.0 450.0 577.0 447.0
387.5 462.5 423.0 461.0
659.5 510.5 700.0 509.0
411.5 520.5 453.5 518.5
560.0 550.0 610.0 546.0
815.5 648.5 885.0 645.0
360
458.0 387.0 483.0 386.0
541.0 412.0 564.0 412.0
576.5 467.5 615.0 465.0
404.0 481.0 441.5 477.5
698.5 539.5 744.0 537.0
420.0 549.0 466.5 547.5
579.5 585.5 636.0 582.0
869.0 726.0 954.0 723.0
372
504.0 397.0 530.0 396.0
586.0 427.0 610.0 425.0
613.5 490.5 657.0 487.0
418.0 501.0 458.5 499.5
739.5 575.5 790.0 572.0
423.5 584.5 476.0 582.0
598.0 629.0 663.0 627.0
384
550.0 409.0 578.5 406.5
379.0 423.0 413.0 422.0
633.5 442.5 661.0 442.0
652.5 517.5 699.5 513.5
429.0 527.0 474.0 524.0
783.5 621.5 842.0 619.0
418.0 627.0 479.5 623.5
617.0 688.0 693.5 686.5
396
600.5 422.5 631.0 422.0
407.0 435.0 443.0 433.0
686.0 463.0 714.5 461.5
691.0 550.0 747.0 545.0
437.0 557.0 488.0 555.0
403.5 681.5 474.5 679.5
832.5 683.5 902.5 681.5
630.5 772.5 725.0 773.0
408
654.0 439.0 686.0 437.0
434.0 450.0 473.0 448.0
742.0 488.0 774.5 486.5
733.0 592.0 797.0 588.0
440.5 595.5 497.5 592.5
371.5 762.5 461.5 757.5
892.0 775.0 978.0 773.0
420
532.5 408.5 563.0 408.0
709.5 458.5 745.5 456.5
460.5 467.5 501.5 464.5
803.0 518.0 839.5 515.5
435.5 641.5 502.5 637.5
782.5 645.5 858.0 642.0
432
576.5 421.5 609.0 420.0
768.5 483.5 809.5 481.5
487.5 486.5 532.5 484.5
870.5 556.5 913.5 554.5
418.5 701.5 495.5 699.5
838.5 721.5 931.5 718.5
444
528.0 436.0 556.0 434.0
620.0 436.0 656.0 434.0
513.5 511.5 563.0 508.0
834.0 514.0 879.5 512.5
948.5 611.5 999.5 609.5
380.0 790.0 472.5 786.5
913.5 838.5 1032.5 836.5
456
562.0 450.0 591.0 449.0
666.5 452.5 706.5 450.5
539.0 541.0 593.5 538.5
905.5 554.5 959.0 553.0
1048.5 690.5 1110.0 688.0
468
350.5 403.5 375.0 403.0
597.0 468.0 629.5 466.5
717.0 473.0	759.0 470.0
561.5 578.5 623.0 575.0
988.5 610.5 1053.0 608.0
1197.5 821.5 1276.0 817.0
480
428.0 402.0 452.0 400.0
378.0 412.0 403.0 411.0
633.5 488.5 669.5 486.5
770.5 497.5 817.5 494.5
579.0 626.0 651.5 622.5
1097.5 692.5 1179.0 690.0
492
527.0 399.0 554.0 398.0
464.0 412.0	490.0 410.0
405.0 422.0 432.0 421.0
482.0 475.0 514.0 473.0
672.0 513.0 710.5 510.5
830.0 528.0 883.5 524.5
593.5 687.5 679.0 685.0
504
564.0 409.0 592.5 407.5
496.0 423.0 524.0 421.0
427.5 431.5 457.0 430.0
315.0 434.0 347.5 431.5
505.0 493.0 539.0 491.0
707.0 541.0 750.0 538.0
890.0 564.0 952.5 559.5
604.0 772.0 708.0 770.0
516
400.0 399.0 438.0 400.0
607.5 421.5 638.0 420.0
534.0 435.0 565.0 433.0
454.0 445.0 485.0 442.0
337.5 447.5 371.0 445.0
528.5 517.5 567.0 515.0
748.0 578.0 796.0 574.0
967.0 615.0 1041.0 612.0
528
329.5 400.5 354.0 400.0
434.5 408.5 475.0 410.0 
653.0 435.0 685.0 434.0
571.0 450.0 604.0 448.0
478.0 460.0 513.0 458.0
355.5 462.5 390.5 460.5
553.0 546.0 596.0 544.0
792.0 623.0 848.0 619.0
1064.5 687.5 1153.0 685.0
540
361.0 410.0 388.5 409.5
700.0 453.0 736.0 450.0
610.5 467.5 647.0 466.0
502.0 477.0 539.0 474.0
369.5 480.5 409.0 478.0
674.5 520.5 716.0 519.0
575.0 582.0 624.0 579.0
843.0 685.0 908.0 682.0
1197.5 802.5 1310.5 800.5
552
392.5 419.5 419.5 420.5
520.0 437.0 551.0 435.0
750.0 472.0 788.5 470.5
650.5 490.5 689.5 487.5
526.5 496.5 566.5 494.5
382.0 502.0 425.0 500.0
716.5 552.5 764.0 551.0
591.5 625.5 649.5 623.5
903.5 773.5 985.0 772.0
564
436.0 401.0 464.0 400.0
422.5 431.5 452.5 431.5
557.0 453.0 590.0 451.0
708.0 468.0 742.0 465.0
805.0 497.0 849.5 495.5
691.5 515.5 734.0 514.0
548.5 520.5 593.0 519.0
391.5 527.5 437.5 524.5
760.0 594.0 815.5 592.5
608.0 684.0 674.5 682.5
576
471.0 411.0 502.0 410.0
451.5 446.5 483.0 445.0
595.5 472.5 631.5 471.5
755.5 489.5 793.5 487.5
864.5 528.5 914.0 527.0
619.0 548.0 734.5 549.5
619.0 548.0 783.0 547.0
396.0 559.0 448.5 556.5
811.5 648.5 874.5 645.5
621.5 766.5 702.0 766.0
588
508.0 423.0 539.5 420.5
337.0 445.0 362.0 444.0
479.0 461.0 513.5 460.5
635.5 496.5 675.0 494.0
809.5 517.5 852.0 515.0
929.5 569.5 987.0 567.0
780.5 591.5 835.5 589.5
591.0 587.0 646.0 584.0
394.0 598.0 451.5 593.5
871.5 723.5 947.0 721.0
600
374.0 408.0 401.0 407.0
543.5 435.5 578.0 434.0
507.0 481.0 544.5 479.5
676.5 526.5 721.5 524.5
870.0 552.0 918.0 550.0
1005.5 624.5 1075.5 622.5
610.5 631.5 671.5 629.5
382.0 644.0 449.0 642.0
829.0 648.0 893.5 645.5
952.0 840.0 1048.5 838.5
612
582.5 450.5 620.0 449.0
722.0 564.0 772.0 562.0
939.5 597.5 995.5 595.5
627.5 690.5 701.5 687.5
1109.0 705.0 1195.0 702.0
356.5 707.5 437.0 705.0
885.5 728.5 967.0 727.0
624
621.5 468.5 662.5 467.5
387.0 494.0 417.0 492.0
558.5 529.5 603.0 529.0
769.5 613.5 828.5 610.5
1025.5 660.5 1091.5 657.5
643.0 775.0 734.5 773.5
306.5 802.5 408.0 800.0
1262.5 829.5 1378.0 831.0
636
309.0 427.0 335.5 425.5
461.0 441.0 491.0 439.0
663.5 491.5 709.0 488.0
398.0 516.0 431.5 514.5
581.0 562.0 632.5 560.5
820.5 679.5 891.5 675.5
1140.0 753.0 1223.5 752.5
648
333.5 440.5 362.0 438.0
489.5 455.5 522.0 453.0
707.5 517.5 758.0 515.0
404.0 544.0 440.5 542.5
603.0 604.0 660.0 603.0
884.0 776.0 974.0 774.0
660
524.0 434.0 555.5 432.5
355.0 454.0 386.0 452.0
516.0 471.0 552.5 470.5
754.0 551.0 810.0 548.0
405.5 576.5 445.5 573.5
620.5 657.5 691.5 656.5
672
561.0 449.0 595.0 446.0
376.0 470.0 408.5 467.5
542.5 491.5 581.5 490.5
802.0 596.0 869.0 593.0
401.5 615.5 447.0 613.0
640.5 734.5 720.5 733.5
638.5 748.5 723.0 747.0
684
598.0 466.0 636.0 464.0
393.5 490.5 428.0 487.0
566.0 516.0 609.0 514.0
855.5 653.5 935.5 651.5
389.0 662.0 442.5 660.5
655.0 831.0 757.0 831.0
696
638.5 487.5 679.0 484.0
407.0 512.0 446.5 510.5
586.5 544.5 633.5 542.5
363.0 728.0 429.0 725.0
921.0 740.0 1019.5 738.5
708
680.0 512.0 724.5 508.5
416.0 541.0 461.0 538.0
602.0 581.0 656.0 578.0
319.0 822.0 398.5 819.5
720
555.0 451.0 587.0 449.0
722.0 542.0 773.0 539.0
420.5 574.5 469.5 571.5
615.0 624.0 676.0 621.0
732
344.0 436.0 376.5 434.5
593.5 470.5 627.5 467.5
768.5 581.5 826.5 577.5
417.5 616.5 474.5 613.5
627.5 681.5 698.0 679.0
744
372.0 452.0 406.5 449.5
631.0 492.0 670.0 489.0
817.5 630.5 885.5 628.5
406.0 667.0 472.5 665.5
641.5 761.5 727.5 759.5
756
437.0 405.0 466.0 402.0
648.0 442.0 686.5 440.5
398.0 470.0 435.0 467.0
669.0 518.0 712.5 516.5
848.0 536.0 898.0 533.0
855.0 553.0 898.0 552.0
874.0 700.0 955.0 698.0
377.0 743.0 459.0 738.0
768
474.5 415.5 505.0 413.0
695.0 461.0 736.0 458.0
418.5 492.5 462.0 490.0
709.0 552.0 756.5 549.5
913.0 577.0 970.0 573.0
915.5 583.5 968.5 581.5
918.0 596.0 968.5 593.5
944.0 805.0 1046.0 801.0
780
512.0 427.0 546.0 425.0
470.0 452.0 506.0 451.0
603.0 464.0 633.5 463.5
742.5 480.5 787.5 479.5
435.0 518.0 482.5 515.5
749.0 594.0 805.5 591.5
986.5 627.5 1053.5 625.5
993.0 650.0 1051.5 648.5
792
489.0 414.0 522.0 412.0
397.0 427.0 433.0 425.0
551.5 441.5 588.0 440.0
638.0 484.0 674.0 483.0
792.5 506.5 842.5 504.5
444.5 552.5 498.5 549.5
796.5 649.5 862.5 646.5
1088.5 728.5 1159.0 727.0
804
352.0 408.0 379.0 407.0
522.0 425.0 558.0 423.0
426.0 439.0 462.0 437.0
590.5 457.5 631.0 455.0
675.0 508.0 713.5 506.5
850.0 539.0 905.5 535.5
444.5 592.5 505.5 589.5
852.0 726.0 932.0 724.0
1206.0 811.0 1311.5 808.5
1218.5 846.5 1309.5 845.5
816
380.5 417.5 410.0 417.0
326.5 433.5 356.0 432.0
554.5 437.5 593.5 435.5
452.0 452.0 489.5 449.5
630.0 477.0 672.0 475.0
539.0 503.0 584.0 501.0
712.0 539.0 757.5 535.5
914.5 580.5 979.0 578.0
431.0 644.0 503.0 642.0
828
306.0 364.0 324.0 361.0
410.0 429.0 442.0 428.0
348.5 446.5 379.5 444.5
587.5 452.5 630.0 450.0
474.0 467.0 515.0 464.0
669.0 501.0 716.0 497.0
562.0 525.0 610.5 523.5
752.5 574.5 802.0 573.0
990.5 635.5 1066.5 633.5
395.0 716.0 484.5 713.5
840
350.0 369.0 370.0 368.0
438.0 443.0 471.5 440.5
370.0 460.0 402.5 457.5
621.0 470.0 667.0 468.0
496.5 484.5 543.0 482.0
709.0 530.0 761.5 526.5
580.0 553.0 632.5 549.5
796.0 620.0 853.0 618.0
1089.0 715.0 1182.5 714.5
324.5 827.5 435.0 826.0
852
396.5 375.5 417.5 374.5
467.5 457.5 502.0 455.0
388.0 476.0 424.0 474.0
655.0 492.0 703.5 488.5
519.0 505.0 567.5 502.5
748.0 565.0 810.5 561.5
595.5 584.5 655.0 583.0
846.0 683.0 916.0 682.0
864
443.0 384.0	464.5 381.5
302.0 391.0 322.0 390.0
350.0 414.0 383.0 411.0
557.5 415.5 590.0 414.0
492.5 473.5 531.5 471.5
403.5 495.5 441.5 492.5
687.0 517.0 742.0 513.0
539.5 529.5 592.5 525.5
789.0 610.0 862.0 606.0
609.0 624.0 675.0 621.0
911.0 774.0 994.0 772.0
876
490.0 392.0 512.0 391.0
605.0 431.0 640.0 429.0
517.5 493.5 558.5 491.5
413.0 518.0 456.5 515.5
723.0 549.0 784.5 544.5
559.0 558.0 617.0 555.0
836.5 669.5 921.5 665.5
618.0 672.0 694.5 671.5
888
536.0 403.0 561.0 401.0
387.0 437.0 424.0 435.0
654.5 448.5 693.0 446.0
540.5 517.5 585.5 513.5
419.5 546.5 466.5 544.5
761.0 588.0 830.5 584.5
576.5 592.5 640.5 590.5
624.0 738.0 713.0 737.0
892.0 754.0 994.5 751.5
900
587.0 416.0 612.5 413.5
402.0 451.0 443.0 450.0
708.0 470.0 751.5 467.5
562.0 544.0 612.0 542.0
420.0 580.0 472.5 577.5
588.5 634.5 662.5 633.5
801.5 638.5 883.0 634.0
621.0 833.0 731.0 832.0
912
636.5 430.5 665.0 428.0
422.0 432.0 449.5 430.5
414.5 469.5 458.5 466.5
764.5 496.5 813.0 494.0
580.0 577.0 638.5 575.5
412.0 620.0 472.5 618.5
598.5 692.5 685.0 689.0
853.0 711.0 951.5 707.5
924
400.0 379.0 420.0 378.0
314.0 433.0 345.0 432.0
453.0 446.0 482.5 444.5
689.0 449.0 720.5 446.5
424.0 490.0 471.0 487.0
826.5 531.5 883.5 528.5
598.0 616.0 598.0 616.0
597.5 618.5 662.0 616.0
396.5 671.5 467.0 670.0
600.5 768.5 706.5 766.5
920.0 820.0 1044.0 818.0
936
444.0 387.0	464.0 386.0
336.0 446.0 367.0 444.0
484.5 462.5 517.5 459.5
744.5 470.5 779.5 468.5
429.5 513.5 479.5 511.5
895.5 577.5 959.5 574.5
611.0 668.0 685.0 668.0
364.5 744.5 451.5 740.5
948
319.5 393.5 343.0 393.0
485.0 395.0 508.0 394.0
354.5 460.5 390.5 457.5
515.0 482.0 550.5 479.5
805.0 497.0 844.5 494.5
427.5 543.5 486.5 541.5
976.5 642.5 1056.0 639.0
618.5 737.5 706.5 736.5
960
351.0 403.0 376.0 402.0
529.0 406.0 552.0 405.0
374.5 477.5 411.5 473.5
545.5 505.5 585.0 504.0
871.5 532.5 917.0 529.0
423.0 581.0 488.5 578.5
1090.5 741.5 1189.5 738.5
619.5 840.5 726.0 838.0
972
352.0 382.0 374.0 380.0
383.5 413.5 411.0 413.0
571.0 418.0 596.0 418.0
391.5 496.5 431.5 492.5
573.5 533.5 617.5 531.5
948.0 579.0 1002.0 576.0
409.5 627.5 486.5 622.5
984
392.0 391.0 415.0 390.0
417.0 427.0 445.5 426.5
617.0 434.0 642.5 431.5
407.5 519.5 450.5 516.5
600.0 570.0 649.5 567.5
1040.0 644.0 1105.0 641.0
386.0 683.0 476.0 681.0
996
432.0 402.0 456.5 400.5
302.0 419.0 330.0 418.0
450.0 444.0 479.5 442.5
665.0 450.0 694.0 449.0
419.5 546.5 467.5 544.5
623.0 615.0 679.5 612.5
1167.0 745.0 1252.5 743.5
342.5 771.5 454.0 766.0
1008
472.5 415.5 500.5 413.5
328.0 431.0 359.0 430.0
482.0 460.0 514.5 459.5
714.5 471.5 747.5 469.5
427.5 580.5 481.5 577.5
640.5 672.5 708.5 671.5
1020
513.0 430.0 543.0 429.0
356.0 445.0 389.0 444.0
514.0 483.0 548.5 480.5
765.5 495.5 801.5 494.5
426.5 620.5 488.5 617.5
656.0 759.0 741.0 758.0
1032
380.0 389.0 409.0 387.0
337.5 400.5 359.0 399.0
556.0 449.0 588.0 447.0
382.0 462.0 417.0 460.0
543.5 509.5 582.5 507.5
819.5 527.5 860.5 526.5
415.5 672.5 487.0 670.0
1044
366.0 410.0 388.5 408.5
311.5 444.5 311.5 444.5
598.5 470.5 634.5 468.5
404.5 480.5 442.0 478.0
570.5 543.5 617.0 542.0
881.5 569.5 928.0 567.0
387.0 747.0 476.5 743.5
1056
465.0 410.0 497.5 408.5
392.5 419.5 417.5 416.5
301.5 429.5 332.5 426.5
645.0 499.0 684.0 495.0
422.5 504.5 464.5 501.5
598.0 586.0 652.0 586.0
956.0 624.0 1011.5 621.5
1068
417.5 430.5 444.5 427.5
507.5 423.5 543.0 422.0
325.0 442.0 358.0 441.0
435.5 532.5 483.0 530.0
691.0 533.0 738.0 530.0
621.5 643.5 685.0 643.0
1053.0 704.0 1121.5 701.5
1080
313.0 395.0 335.0 395.0
319.5 428.5 349.0 428.0
551.5 441.5 589.5 439.5
444.0 443.0 472.0 440.0
346.0 459.0 382.0 456.0
442.5 568.5 495.0 566.0
740.5 579.5 794.5 576.5
638.0 726.0 718.5 725.5
1200.5 832.5 1290.0 830.0
1092
342.0 404.0 366.0 403.0
342.0 441.0 372.0 441.0
468.5 457.5 499.0 455.0
594.0 461.0 637.0 459.0
368.0 476.0 408.0 474.0
439.0 612.0 500.0 609.0
795.5 642.5 861.5 640.5
1104
462.0 393.0 489.0 391.0
370.0 413.0 396.0 412.0
364.0 456.0 396.0 455.0
494.0 474.0 527.5 471.5
637.5 485.5 685.5 484.5
388.0 498.0 430.5 494.5
422.0 668.0 493.5 664.5
863.0 739.0 946.0 737.0
1116
510.0 405.0 538.0 403.0
398.0 423.0 424.5 421.5
685.5 452.5 722.0 451.0
383.0 473.0 420.0 471.0
518.0 493.0 553.5 490.5
679.0 517.0 732.5 515.5
402.0 524.0 449.5 521.5
745.0 584.0 745.0 584.0
381.0 748.0 470.5 744.5
1128
558.5 417.5 589.0 415.0
424.0 435.0 453.5 433.5
742.0 477.0 783.5 475.5
402.0 493.0 439.0 491.0
540.5 516.5 580.0 513.0
411.5 556.5 464.5 553.5
717.5 559.5 780.0 555.0
459.0 641.0 459.0 641.0
789.5 641.5 789.5 641.5
1140
356.0 384.0 384.0 385.0
609.5 433.5 643.0 431.0
452.0 450.0 481.5 447.5
803.5 507.5 850.0 506.0
414.0 517.0 455.5 515.5
413.0 597.0 474.0 594.0
751.5 610.5 826.5 608.5
828.0 716.0 828.0 716.0
1152
391.0 393.0 420.5 392.5
664.0 452.0 700.0 450.0
478.0 466.0 511.0 463.0
870.5 547.5 924.5 545.5
422.0 548.0 469.5 545.5
577.5 578.5 628.5 572.5
405.0 649.0 475.5 646.5
783.5 686.5 874.5 683.5
1164
355.0 385.0 355.0 385.0
456.0 401.0 456.0 401.0
720.5 475.5 762.0 473.0
504.0 484.0 540.0 482.0
424.0 586.0 476.5 583.5
948.5 602.5 1013.5 600.5
594.5 622.5 651.5 615.5
651.0 635.0 651.0 635.0
377.0 721.0 464.5 717.5
811.0 798.0 929.0 798.0
1176
390.0 392.0 390.0 392.0
494.0 411.0 494.0 411.0
314.5 431.5 344.5 429.5
415.0 435.0	449.0 433.0
783.5 505.5 829.5 502.5
528.5 506.5 567.5 503.5
416.5 632.5 478.0 629.0
607.5 669.5 675.0 667.0
610.0 681.0 674.0 676.0
1048.5 681.5 1130.0 680.0
608.5 694.5 672.5 692.5
481.5 704.5 481.5 704.5
315.0 832.0 425.5 831.5
1188
424.0 401.0 424.0 401.0
530.0 422.0 530.0 422.0
339.0 447.0 372.0 445.0
442.5 449.5 480.0 447.0
551.0 533.0 595.5 529.5
907.0 540.0 907.0 540.0
397.5 692.5 470.5 691.5
617.0 745.0 701.0 743.0
617.5 760.5 700.5 758.5
486.5 763.5 486.5 763.5
620.0 777.0 698.0 774.0
1197.5 811.5 1305.5 810.5
1200
294.0 361.0 294.0 361.0
459.5 410.5 492.0 409.0
530.0 436.0 566.0 435.0
362.0 464.0 397.5 461.5
471.5 467.5 512.5 464.5
576.0 566.0 624.5 562.5
931.5 592.5 998.0 591.0
356.5 784.5 445.5 783.5
1212
335.0 365.0 335.0 365.0
318.0 396.0 318.0 396.0
494.0 423.0 529.0 420.0
340.0 422.0 340.0 422.0
567.0 451.0 605.0 450.0
348.0 464.0 348.0 464.0
497.5 487.5 543.5 486.5
383.5 484.5 422.5 481.5
598.0 605.0 654.0 603.0
1029.5 665.5 1109.0 664.0
1224
355.5 371.5 376.0 371.0
530.0 436.0 566.5 432.5
331.0 438.0 365.0 436.0
601.0 469.0 643.5 466.5
368.5 478.5 368.5 478.5
401.5 509.5 443.0 507.0
524.0 514.0 574.5 511.5
619.0 656.0 682.0 653.0
1158.5 784.5 1266.5 782.5
1161.0 800.0 1161.0 800.0
1236
396.0 378.0 416.0 377.0
371.0 411.0 402.0 409.0
305.0 439.0 305.0 439.0
565.0 451.0 606.5 448.5
351.0 452.0 389.5 450.5
638.0 491.0 683.5 488.5
547.0 546.0 603.5 543.5
412.0 541.0 461.0 538.0
639.5 726.5 715.0 723.0
1248
436.0 386.0 457.0 384.0
395.0 421.0 395.0 421.0
602.5 468.5 646.0 466.0
373.0 469.0 412.0 467.0
675.0 516.0 725.5 513.5
416.0 579.0 470.0 577.0
567.5 585.5 633.0 584.0
654.5 830.5 751.5 828.5
1260
388.0 392.0 412.0 391.0
476.0 394.0 498.0 392.0
641.5 490.5 689.0 488.0
388.0 491.0 432.0 488.0
714.0 548.0 771.0 545.0
407.0 628.0 471.5 625.5
584.0 637.0 659.5 635.5
1272
321.5 396.5 345.5 395.5
516.0 404.0	540.5 401.5 
423.0 401.0 447.0 400.0
444.0 445.0 479.0 441.0
351.0 447.0 386.0 444.0
399.5 515.5 448.5 512.5
681.5 518.5 734.0 515.0
755.5 589.5 820.5 585.5
380.5 692.5 459.0 691.0
595.5 710.5 686.0 710.0
1284
352.0 405.0 376.0 404.0
458.0 410.0	483.0 408.0
558.5 414.5 583.5 412.5
469.0 458.0 506.0 454.0
374.0 463.0 411.5 460.5
405.5 546.5 458.5 543.5
721.5 552.5 783.0 548.0
418.5 621.5 418.5 621.5
798.0 641.0 874.0 638.0
324.0 794.0 421.0 792.0
596.5 824.5 712.0 824.0
1296
381.0 414.0 406.0 412.0 
489.5 421.5 518.0 420.0
599.0 429.0 628.0 426.0
493.0 474.0 533.0 470.0
396.0 483.0 436.0 479.0
400.5 582.5 462.5 579.5
765.5 593.5 837.0 590.0
404.0 672.0 404.0 672.0
848.5 712.5 936.5 709.5
1308
408.5 423.5 436.0 424.0
526.0 434.0 553.5 432.5
642.5 444.5 673.0 442.0
517.5 491.5 562.0 488.0
414.5 508.5 459.5 505.5
458.5 625.5 458.5 625.5
388.5 628.5 458.0 626.0
815.0 649.0 898.0 646.0
911.0 822.0 1023.5 821.5
1320
435.5 436.5 464.5 434.5
559.0 448.0 590.5 446.5
687.5 462.5 721.0 460.0
541.5 513.5 589.0 510.0
428.0 539.0 480.5 536.5
360.0 690.0 448.0 687.0
871.5 725.5 973.5 723.5
1332
309.0 391.0 339.0 390.0
462.5 450.5 492.5 448.5
596.0 465.0 629.5 463.5
736.5 484.5 774.0 482.0
563.0 539.0 616.5 535.5
435.5 577.5 495.0 575.0
313.0 780.0 313.0 780.0
1344
407.0 396.0 407.0 396.0
338.0 399.0 367.0 397.0 
304.0 411.0 304.0 411.0
488.5 467.5 520.5 464.5
633.5 485.5 670.5 483.5
787.5 510.5 830.5 508.5
584.5 570.5 643.0 567.0
434.0 627.0 505.0 624.0
1356
276.0 360.0 276.0 360.0
444.0 405.0 444.0 405.0
365.0 408.0 397.0 406.0
513.5 485.5 549.0 483.0
671.5 509.5 713.5 507.5
843.5 545.5 892.5 542.5
603.0 609.0 669.0 606.0
419.0 692.0 504.0 690.0
1368
482.0 416.0 510.0 415.0
393.0 415.0 425.5 413.5
348.0 429.0 348.0 429.0
539.0 509.0 577.5 505.5
712.5 539.5 757.5 537.5
909.0 590.0 965.0 587.0
617.0 657.0 693.0 654.0
383.0 794.0 493.0 790.0
1380
419.0 427.0 455.0 425.0
518.0 429.0 548.0 427.0
369.0 440.0 369.0 440.0
563.5 536.5 607.0 534.0
755.5 576.5 806.0 575.0
991.0 651.0 1057.5 648.5
624.5 722.5 716.5 720.5
1392
380.0 376.0 380.0 376.0
316.0 392.0 316.0 392.0
446.0 440.0 484.5 436.5
553.5 442.5 586.5 441.5
357.0 455.0 389.0 453.0
583.5 569.5 632.5 566.5
803.0 625.0 862.5 623.5
1099.5 742.5 1183.5 740.5
629.5 820.5 740.0 818.0
1404
421.0 383.0 442.0 382.0
322.0 401.0 322.0 401.0
473.0 453.0 513.5 450.5
590.5 460.5 627.0 459.0
376.0 470.0 409.0 468.0
602.0 611.0 658.5 607.5
857.0 693.0 928.5 690.5
1416
462.0 391.0 484.0 390.0
347.5 408.5 375.0 408.0
499.0 470.0 543.5 467.5
626.0 481.0 666.0 478.0
391.0 487.0 426.5 484.5
618.0 664.0 683.5 662.5
926.5 792.5 1015.5 792.5
1428
504.0 400.0 526.0 399.0
375.0 419.0 402.0 417.0
525.0 489.0 572.5 486.5
663.0 504.0 704.5 502.5
402.0 507.0 442.0 505.0
629.5 739.5 710.5 739.5
1440
545.5 410.5 570.5 409.5
403.0 431.0 432.0 428.0
550.0 512.0 602.5 509.5
409.5 531.5 451.0 529.0
696.5 534.5 745.5 531.5
1452
409.0 389.0 409.0 389.0
299.0 403.0 299.0 403.0
589.5 422.5 615.5 421.5
306.5 438.5 306.5 438.5
430.5 442.5 461.5 440.5
574.5 540.5 634.0 538.0
413.0 560.0 460.0 557.0
737.0 571.0 790.5 568.5
1464
324.0 413.0 324.0 413.0
632.5 436.5 661.5 435.5
457.0 457.0 489.5 454.5
598.0 575.0 663.5 572.5
410.5 593.5 463.0 592.0
777.0 617.0 840.5 615.5
1476
460.0 410.0 488.0 408.0
315.0 426.0 347.5 423.5
678.5 453.5 709.0 452.0
483.5 474.5 518.5 471.5
426.0 522.0 426.0 522.0
616.0 618.0 693.5 615.5
402.0 636.0 462.0 634.0
822.5 679.5 896.5 677.5
1488
459.0 389.0 459.0 389.0
499.0 423.0 529.0 421.0
337.0 438.0 370.0 436.0
725.0 474.0 758.5 472.5
508.0 494.0 546.5 491.5
635.0 674.0 723.5 672.5
383.0 687.0 451.5 685.5
873.5 766.5 963.5 766.5
1500
356.0 396.0 356.0 396.0
503.0 398.0 503.0 398.0
538.5 438.5 571.0 436.0
356.0 452.0 391.0 450.0
773.5 499.5 810.0 497.0
532.0 518.0 575.0 515.0
437.0 581.0 437.0 581.0
651.5 756.5 759.5 754.5
344.5 762.5 428.0 759.0
1512
382.0 385.0 382.0 385.0
544.0 409.0 572.0 407.0
576.0 455.0 610.0 454.0
371.5 466.5 411.5 463.5
821.5 526.5 863.5 524.5
555.0 545.0 600.0 542.0
433.5 616.5 494.0 614.0
491.5 695.5 491.5 695.5
1524
421.5 402.5 421.5 402.5
591.0 421.0 622.0 419.0
313.0 429.0 342.0 429.0
617.0 477.0 655.5 475.5
387.0 484.0 429.5 481.5
880.0 565.0 928.0 563.0
577.5 579.5 628.5 577.5
423.5 661.5 491.0 659.0
437.0 681.0 477.0 679.0
1536
442.0 405.0 464.0 404.0
318.5 410.5 318.5 410.5
417.0 426.0 446.0 424.0
639.0 436.0 671.5 433.5
332.0 442.0 363.0 441.0
454.5 460.5 454.5 460.5
660.0 504.0 703.5 501.5
401.5 505.5 447.0 503.0
948.0 616.0 1003.0 613.0
598.5 623.5 659.0 621.0
400.0 724.0 480.0 722.0
415.0 745.0 466.0 743.0
1548
506.0 415.0 506.0 415.0
310.0 423.0 341.0 420.0
444.0 439.0 476.0 437.0
689.0 454.0 725.0 451.0
352.0 458.0 384.0 455.0
411.5 531.5 463.0 529.0
707.0 538.0 756.0 535.0
621.0 680.0 691.0 679.0
1035.0 686.0 1102.5 683.5
360.5 811.5 360.5 811.5
378.5 839.5 437.5 838.5
1560
426.0 392.0 426.0 392.0
523.0 431.0 548.0 429.0
330.0 434.0 367.0 432.0
472.5 453.5 506.5 450.5
368.0 473.0 402.0 471.0
740.5 474.5 780.5 473.5
417.5 563.5 473.5 561.5
758.0 583.0 814.5 579.5
638.0 762.0 723.0 760.0
1159.5 794.5 1246.0 793.0
1572
462.0 402.0 462.0 402.0
562.5 446.5 591.0 444.0
349.5 447.5 387.5 444.5
498.0 471.0 537.0 467.0
381.0 492.0 418.0 490.0
797.0 501.0 841.0 499.0
416.5 602.5 481.5 599.5
812.5 641.5 880.5 638.5
1584
466.0 413.0 498.5 411.5
368.0 462.0 408.0 459.0
605.0 466.0 635.0 463.0
526.5 491.5 567.0 487.0
389.0 515.0 429.5 512.5
856.5 533.5 908.0 532.0
409.5 649.5 485.0 647.0
876.5 728.5 962.5 724.5
1596
336.0 372.0 336.0 372.0
471.0 391.0 471.0 391.0
500.5 425.5 535.0 423.0
384.0 479.0 428.0 476.0
646.0 488.0 681.5 486.5
551.5 515.5 597.5 512.5
394.0 542.0 437.5 539.5
926.0 578.0 984.5 575.5
387.5 714.5 478.0 712.0
1608
376.0 378.0 376.0 378.0
511.0 401.0 539.0 399.0
535.5 438.5 573.5 435.5
395.5 499.5 444.5 496.5
690.0 517.0 729.0 514.0
577.0 545.0 629.5 542.5
393.0 575.0 443.5 572.5
1007.5 637.5 1078.5 634.5
342.0 811.0 455.0 809.0
1620
384.0 387.0 416.0 386.0
555.0 412.0 583.5 410.5
571.5 454.5 612.0 452.0
404.5 525.5 458.0 521.0
737.5 552.5 781.5 550.5
601.0 582.0 659.0 579.0
391.5 613.5 447.0 611.0
406.5 673.5 406.5 673.5
1116.5 725.5 1205.5 723.5
1632
423.0 396.0 454.0 395.0
596.0 425.0 628.0 423.0
608.0 473.0 652.5 470.5
409.5 555.5 468.0 551.0
788.0 600.0 840.0 597.0
623.5 629.5 690.0 626.0
380.5 661.5 447.0 659.0
1644
458.5 405.5 491.0 404.0
315.0 415.0 315.0 415.0
640.0 439.0 673.0 437.0
648.0 495.0 694.5 492.5
409.5 591.5 476.5 587.5
845.5 663.5 908.5 659.5
641.5 691.5 721.5 689.5
353.5 727.5 435.0 723.0
1656
494.5 418.5 530.5 415.5
310.0 429.0 341.0 427.0
683.5 456.5 720.0 455.0
688.5 521.5 741.0 520.0
400.0 636.0 476.0 633.0
918.0 758.0 997.0 756.0
656.0 784.0 754.0 781.0
304.0 823.0 403.0 821.0
1668
398.0 329.0 398.0 329.0
531.0 432.0 570.0 429.0
334.0 441.0 367.0 439.0
731.0 478.0 772.0 476.0
731.5 556.5 792.5 553.5
375.5 694.5 466.0 693.0
1680
395.0 394.0 395.0 394.0
567.0 448.0 609.0 445.0
354.0 456.0 389.0 453.0
782.0 504.0 827.5 501.5
781.0 601.0 849.5 597.5
327.5 781.5 433.0 780.0
1692
313.0 409.0 313.0 409.0
343.0 403.0 343.0 403.0
430.0 403.0 430.0 403.0
602.0 468.0 648.5 464.5
411.0 469.0 411.0 469.0
423.0 535.0 423.0 535.0
840.0 536.0 891.5 534.5
837.5 658.5 918.5 656.5
1704
369.0 412.0 369.0 412.0
466.0 414.0 491.0 411.0
310.0 421.0 341.0 420.0
430.0 488.0 430.0 488.0
634.5 490.5 686.0 486.0
905.0 579.0 965.0 576.0
906.0 745.0 1006.0 742.0
1716
392.0 422.0 392.0 422.0
501.0 424.0 529.0 423.0
334.5 433.5 367.0 432.0
450.5 512.5 450.5 512.5
662.0 519.0 722.0 514.0
985.0 637.0 1056.5 633.5
1728
307.0 394.0 329.0 394.0
538.5 436.5 568.0 436.0
416.0 433.0 448.0 431.0
357.5 447.5 393.0 445.0
690.5 552.5 756.0 549.0
457.0 634.0 457.0 634.0
1090.5 720.5 1180.0 719.0
1740
336.0 401.0 358.5 400.5
575.0 453.0 607.0 452.0
441.0 446.0 441.0 446.0
380.5 463.5 416.5 460.5
714.5 599.5 791.0 593.0
475.0 668.0 475.0 668.0
1752
467.0 391.0 492.0 389.0
365.0 411.0 389.0 409.0
549.0 427.0 549.0 427.0
465.5 459.5 498.0 457.0
611.0 471.0 647.0 469.0
398.5 481.5 438.5 479.5
762.0 568.0 762.0 568.0
425.0 623.0 488.0 619.0
738.0 656.0 826.0 653.0
1764
513.0 400.0 538.0 399.0
395.0 420.0 420.0 418.0
547.0 441.0 586.0 440.0
489.0 476.0 526.5 474.5
650.0 493.0 689.0 491.0
414.0 505.0 458.0 502.0
414.5 679.5 488.5 677.5
863.0 738.0 863.0 738.0
751.0 748.0 751.0 748.0
1776
330.0 400.0 363.5 396.5
298.5 409.5 298.5 409.5
558.0 412.0 586.5 410.5
424.0 431.0 450.5 430.5
301.5 438.5 301.5 438.5
583.0 457.0 625.0 455.0
512.0 496.0 553.0 494.0
690.0 520.0 733.0 518.0
420.5 531.5 470.5 529.5
385.5 763.5 480.5 761.5
1788
359.5 406.5 394.0 406.0
326.0 421.0 326.0 421.0
606.5 425.5 636.5 424.5
450.5 444.5 479.0 444.0
620.0 476.0 666.0 473.0
531.0 518.0 575.5 516.5
731.0 553.0 779.5 550.5
422.5 565.5 478.0 563.0
1800
388.5 416.5 426.0 414.0
321.5 433.5 351.5 432.5
655.0 442.0 688.5 441.5
478.0 460.0 509.5 458.5
658.0 499.0 708.0 496.0
546.0 546.0 596.0 544.0
775.5 594.5 831.0 592.0
415.0 607.0 479.0 604.0
1812
416.0 427.0 455.0 425.0
343.5 448.5 374.5 445.5
707.0 461.0 743.5 459.5
504.0 478.0 538.0 476.0
697.0 526.0 752.5 522.5
554.5 579.5 609.5 578.5
825.0 650.0 891.5 647.5
397.0 658.0 472.0 655.0
1824
360.0 414.0 360.0 414.0
488.5 435.5 488.5 435.5
444.0 439.0 484.0 437.0
360.0 461.0 360.0 461.0
362.0 465.0 396.0 461.0
762.0 484.0 803.0 483.0
528.0 499.0 564.5 497.5
738.5 559.5 800.0 557.0
552.5 619.5 614.5 618.5
882.5 728.5 964.5 727.5
359.5 731.5 454.5 726.5
1836
416.0 422.0 416.0 422.0
308.0 418.0 308.0 418.0
309.5 431.5 309.5 431.5
470.0 453.0 470.0 453.0
377.0 484.0 415.0 481.0
823.0 515.0 869.0 513.0
551.0 525.0 591.5 523.5
785.0 603.0 853.0 600.0
784.5 602.5 784.5 602.5
536.5 670.5 609.0 670.0
411.5 837.5 411.5 837.5
1848
307.0 431.0 334.0 430.0
556.5 429.5 556.5 429.5
414.0 436.0 445.5 434.5
496.0 470.0 543.0 467.0
388.5 506.5 431.0 504.0
892.5 553.5 944.0 552.0
572.5 556.5 617.5 554.5
834.5 658.5 918.5 656.5
503.0 741.0 589.5 740.5
1860
596.0 444.0 596.0 444.0
441.0 449.0 474.5 447.5
330.0 445.0 358.0 442.0
521.5 488.5 573.0 487.0
394.0 532.0 441.5 530.5
592.0 596.0 644.0 594.0
969.5 604.5 1032.5 603.5
897.5 740.5 996.5 738.5
1872
349.5 459.5 380.5 457.5
637.0 463.0 637.0 463.0
469.0 465.0 506.0 463.0
544.5 512.5 601.5 509.5
395.0 567.0 447.5 564.5
608.5 644.5 669.0 642.0
1070.0 679.0 1146.0 677.0
1884
345.0 404.0 345.0 404.0
368.5 477.5 401.0 475.0
497.5 482.5 497.5 482.5
678.0 483.0 678.0 483.0
565.5 541.5 628.0 539.0
387.0 608.0 447.5 605.5
622.5 712.5 694.0 711.0
1163.0 735.0 1163.0 735.0
1212.0 794.0 1311.0 794.0
1896
335.0 383.0 335.0 383.0
394.0 395.0 416.0 393.0
298.0 408.0 298.0 408.0
373.0 412.0 373.0 412.0
315.0 429.0 343.0 429.0
353.5 463.5 353.5 463.5
383.5 498.5 420.0 495.0
673.0 512.0 720.5 509.5
522.5 504.5 522.5 504.5
582.0 575.0 653.5 572.5
366.5 660.5 437.0 657.0
628.0 816.0 717.0 815.0
1908
428.0 402.0 428.0 402.0
400.0 421.0 400.0 421.0
368.0 442.0 368.0 442.0
299.0 442.0 299.0 442.0
395.0 522.0 434.5 519.5
547.0 531.0 547.0 531.0
712.5 543.5 767.0 540.0
595.0 618.0 676.5 615.5
331.0 736.0 417.5 720.5
1920
403.0 399.0 428.0 398.0
318.5 431.5 318.5 431.5
426.0 432.0 426.0 432.0
358.0 457.0 358.0 457.0
400.5 553.5 445.5 550.5
567.5 562.5 567.5 562.5
756.0 583.0 818.5 580.5
606.5 672.5 701.0 670.0
265.5 833.5 373.5 829.5
1932
388.0 388.0 388.0 388.0
328.0 401.0 349.0 399.0
439.0 408.0 439.0 408.0
494.0 423.0 519.0 421.0
452.0 443.0 484.0 442.0
337.5 446.5 371.0 445.0
375.0 474.0 411.0 472.0
401.5 589.5 451.5 586.5
805.0 637.0 877.5 633.5
620.0 645.0 620.0 645.0
612.0 749.0 727.0 748.0
1944
391.0 398.0 421.0 395.0
358.0 408.0 382.0 406.0
474.5 418.5 474.5 418.5
528.0 435.0 554.0 433.0
475.0 457.0 511.0 456.0
358.5 460.5 393.0 458.0
390.0 493.0 429.0 491.0
363.5 494.5 363.5 494.5
394.0 634.0 452.0 632.0
863.5 710.5 951.0 708.0
670.0 733.0 670.0 733.0
625.0 735.0 625.0 735.0
746.0 734.0 746.0 734.0
1956
431.0 403.0 458.5 402.5
388.0 418.0 415.0 416.0
512.5 430.5 512.5 430.5
665.0 431.0 665.0 431.0
563.0 448.0 590.5 448.5
500.0 474.0 538.0 472.0
377.0 479.0 414.0 476.0
402.0 516.0 444.0 513.0
372.0 694.0 441.5 690.5
569.0 765.0 569.0 765.0
937.0 822.0 1049.0 820.0
1968
494.0 413.0 494.0 413.0
419.0 430.0 447.0 429.0
682.0 450.0 718.0 448.0
552.5 443.5 552.5 443.5
599.0 464.0 629.5 463.5
523.5 492.5 565.0 491.0
390.5 498.5 432.5 497.5
410.5 543.5 456.0 542.0
322.0 780.0 406.5 778.5
631.5 806.5 730.5 804.5
1980
314.5 420.5 314.5 420.5
499.0 424.0 530.5 423.5
448.0 445.0 477.5 441.5
594.5 458.5 594.5 458.5
733.5 470.5 772.5 468.5
636.0 485.0 668.0 483.0
546.0 516.0 591.5 514.5
449.0 519.0 449.0 519.0
402.5 523.5 448.5 523.5
411.0 577.0 461.0 575.0
1992
309.0 433.0 338.0 430.0
533.5 437.5 567.0 436.0
476.5 460.5 507.0 458.0
641.0 476.0 678.0 475.0
788.5 495.5 833.5 493.5
674.0 508.0 709.0 506.0
565.5 544.5 614.5 540.5
411.5 551.5 462.5 549.5
403.0 617.0 460.5 615.5
2004
450.0 429.0 450.0 429.0
332.5 445.5 364.5 443.5
568.0 451.0 605.5 450.5
503.5 478.5 536.5 477.5
694.0 497.0 735.0 497.0
849.5 528.5 899.5 525.5
713.0 537.0 754.0 536.0
582.5 576.5 637.5 573.5
415.5 586.5 470.5 583.5
383.0 667.0 450.5 665.5
2016
484.0 442.0 484.0 442.0
354.5 459.5 388.5 458.5
604.5 468.5 645.0 468.0
529.5 502.5 567.0 499.0
754.0 526.0 799.5 524.5
917.0 570.0 977.0 568.0
756.0 574.0 801.5 571.5
598.0 617.0 663.5 614.5
412.0 628.0 473.5 624.5
342.0 736.0 428.5 731.5
2028
323.0 399.0 323.0 399.0
515.0 458.0 515.0 458.0
375.5 476.5 413.0 474.0
640.5 488.5 684.0 489.0
555.5 529.5 596.0 527.0
819.5 559.5 871.5 558.5
803.5 621.5 855.5 618.5
997.5 628.5 1068.0 626.0
612.5 670.5 688.5 667.5
396.5 679.5 469.5 677.5
275.5 836.5 378.5 835.5
2040
351.0 408.0 351.0 408.0
512.0 426.0 512.0 426.0
508.0 479.0 546.5 476.5
396.0 496.0 435.5 492.5
678.0 514.0 727.0 514.0
578.0 565.0 627.0 560.0
897.5 602.5 955.5 601.5
861.5 683.5 924.0 682.0
1101.0 712.0 1190.5 710.5
623.0 743.0 714.0 741.0
362.5 754.5 450.5 750.5
870.5 753.5 870.5 753.5
2052
302.0 372.0 302.0 372.0
410.0 396.0 410.0 396.0
464.0 392.0 464.0 392.0
413.0 404.0 413.0 404.0
380.0 417.0 380.0 417.0
548.0 439.0 548.0 439.0
578.0 500.0 578.0 500.0
454.5 515.5 454.5 515.5
717.5 545.5 771.0 546.0
600.5 608.5 656.0 604.0
991.5 661.5 1061.0 659.0
932.5 776.5 1010.0 775.0
2064
339.0 377.0 339.0 377.0
444.0 404.0 444.0 404.0
445.0 414.0 445.0 414.0
407.0 429.0 407.0 429.0
614.0 452.0 614.0 452.0
561.0 531.0 607.5 527.5
421.0 545.0 472.5 542.5
761.5 587.5 822.5 587.5
624.5 665.5 690.0 662.0
1114.0 749.0 1200.5 748.5
2076
374.0 384.0 374.0 384.0
477.5 413.5 550.0 413.0
436.0 442.0 474.0 439.0
620.0 473.0 654.0 471.0
585.0 565.0 637.0 563.0
426.0 580.0 483.0 575.0
810.0 641.0 881.5 640.5
652.0 750.0 733.0 748.0
899.5 763.5 899.5 763.5
2088
410.5 391.5 410.5 391.5
386.0 393.0 510.5 423.5
340.0 400.0 340.0 400.0
592.5 425.5 622.5 424.5
509.5 439.5 509.5 439.5
463.0 457.0 503.0 454.0
658.0 494.0 694.0 492.0
604.0 609.0 665.5 606.5
486.0 615.0 486.0 615.0
868.0 717.0 955.5 715.5
2100
421.5 401.5 448.0 399.0
369.0 409.0 369.0 409.0
303.0 413.0 303.0 413.0
638.0 442.0 670.5 440.5
515.5 437.5 543.5 435.5
307.0 442.0 307.0 442.0
488.5 474.5 532.0 472.0
697.5 519.5 735.0 518.0
621.5 666.5 694.0 665.0
410.5 672.5 483.5 668.5
942.5 831.5 1051.0 832.0
2112
456.5 410.5 484.5 408.5
402.0 418.0 433.0 417.0
545.5 451.5 576.0 450.0
683.5 461.5 720.5 459.5
512.0 496.0 560.0 493.0
683.5 500.5 683.5 500.5
735.5 551.5 778.5 549.5
469.5 729.5 469.5 729.5
474.5 739.5 474.5 739.5
636.0 750.0 725.5 748.5
381.0 757.0 381.0 757.0
2124
490.5 420.5 520.0 419.0
431.0 430.0 464.0 429.0
578.5 467.5 611.0 465.0
734.0 484.0 774.0 482.0
533.5 521.5 586.5 518.5
777.0 592.0 828.5 589.5
340.5 835.5 441.0 834.0
2136
525.0 433.0 557.0 431.0
458.0 445.0 495.0 443.0
611.5 485.5 647.5 483.5
787.0 511.0 833.0 509.0
551.5 554.5 611.0 550.0
824.5 642.5 882.0 641.0
2148
415.5 391.5 415.5 391.5
543.0 399.0 543.0 399.0
318.0 432.0 351.0 429.0
559.0 447.0 593.5 443.5
486.5 460.5 524.5 458.5
390.0 457.0 390.0 457.0
648.5 508.5 685.5 505.5
849.5 548.5 901.0 546.0
566.5 592.5 636.5 590.5
878.5 713.5 952.5 712.5
947.5 713.5 947.5 713.5
2160
590.0 410.0 590.0 410.0
338.5 443.5 372.5 443.5
594.0 462.0 631.0 460.0
374.0 474.0 407.0 471.0
511.5 479.5 553.5 476.5
684.5 534.5 726.5 532.5
919.5 596.5 980.5 593.5
581.0 642.0 660.0 639.0
945.5 819.5 1034.5 818.5
2172
340.0 400.0 368.0 399.0
639.0 425.0 639.0 425.0
358.0 457.0 392.0 456.0
629.5 480.5 669.0 478.0
533.5 502.5 581.0 499.0
423.0 490.0 423.0 490.0
724.0 569.0 772.0 565.0
1010.0 663.0 1083.0 661.0
590.0 710.0 687.0 708.0
2184
378.0 412.0 406.0 411.0
656.0 442.0 690.5 441.5
371.5 471.5 410.0 470.0
664.5 502.5 708.5 499.5
398.0 513.0 437.0 510.0
557.0 527.0 608.0 525.0
765.0 610.0 819.5 607.5
812.5 683.5 812.5 683.5
1132.0 766.0 1224.0 765.0
595.5 815.5 715.0 813.0
2196
413.0 427.0 443.5 424.5
707.0 463.0 746.5 461.5
385.0 489.0 425.0 487.0
701.0 529.0 750.0 526.0
406.5 537.5 449.0 535.0
577.5 559.5 635.5 556.5
808.5 664.5 872.5 662.5
861.0 753.0 861.0 753.0
2208
303.0 419.0 303.0 419.0
448.0 443.0 481.5 441.5
761.0 486.0 804.5 485.5
395.0 510.0 439.0 507.0
738.5 562.5 793.5 559.5
412.0 565.0 458.5 563.5
597.0 598.0 663.0 595.0
859.5 741.5 936.5 739.5
2220
319.5 394.5 319.5 394.5
302.5 430.5 327.0 429.0
484.0 464.0 519.0 462.0
655.5 470.5 655.5 470.5
822.0 518.0 870.5 515.5
400.5 533.5 448.5 531.5
412.5 601.5 465.0 599.0
777.5 603.5 840.0 600.0
616.0 648.0 694.0 646.0
2232
355.5 404.5 355.5 404.5
325.5 442.5 350.5 440.5
513.0 489.0 555.5 485.5
645.0 489.0 645.0 489.0
698.0 504.0 698.0 504.0
892.0 557.0 947.0 555.0
401.0 563.0 454.0 560.0
408.0 643.0 465.5 640.5
819.0 658.0 891.5 653.5
631.0 718.0 723.5 715.5
2244
462.0 399.0 462.0 399.0
392.5 417.5 417.0 415.0
345.5 456.5 373.0 454.0
543.0 520.0 592.0 518.0
396.0 598.0 455.5 593.5
973.5 610.5 1041.0 608.0
391.0 698.0 459.5 695.5
866.5 731.5 955.5 728.5
644.0 826.0 760.0 823.0
2256
486.0 414.0 516.0 414.0
425.5 430.5 453.5 428.5
365.0 472.0 394.0 470.0
730.5 550.5 730.5 550.5
734.5 559.5 794.5 554.5
570.5 561.5 627.0 558.0
732.5 572.5 732.5 572.5
386.0 638.0 454.0 636.0
1082.0 686.0 1165.0 686.0
358.0 775.0 444.0 770.0
930.5 839.5 1042.0 837.0
2268
536.0 433.0 569.0 432.0
456.5 446.5 488.0 445.0
381.5 490.5 412.5 487.5
776.0 594.0 849.0 601.0
594.0 613.0 660.0 611.0
777.5 618.5 851.0 616.0
362.5 691.5 443.5 687.5
1240.5 808.5 1349.0 810.0
2280
586.0 455.0 623.0 453.0
486.0 466.0 522.5 464.5
397.5 512.5 432.5 509.5
915.5 647.5 915.5 647.5
827.0 665.0 913.5 660.5
829.5 681.5 915.5 677.5
611.5 685.5 692.0 683.0
324.5 764.5 419.0 764.0
2292
636.0 481.0 677.0 479.0
516.0 490.0 555.0 488.0
407.5 539.5 446.5 535.5
891.0 770.0 998.0 767.0
622.0 800.0 726.5 797.5
2304
341.0 385.0 366.0 385.0
687.5 515.5 734.5 513.5
542.0 518.0 586.0 517.0
414.5 570.5 458.0 567.0
2316
384.0 395.0 410.0 393.0
568.0 555.0 617.5 552.5
740.5 560.5 796.0 558.0
415.0 608.0 463.5 605.5
2328
426.5 404.5 454.0 404.0
593.0 601.0 651.0 599.0
800.5 623.5 870.0 622.0
405.5 654.5 461.0 652.0
633.5 710.5 633.5 710.5
2340
471.0 418.0 499.5 416.5
615.0 662.0 683.5 660.5
876.5 717.5 965.5 715.5
378.5 718.5 447.5 714.5
2352
514.0 432.0 546.0 431.0
632.5 753.5 719.0 752.0
330.0 811.0 412.5 809.5
2364
559.0 451.0 593.5 448.5
2376
334.0 384.0 334.0 384.0
603.5 472.5 641.5 469.5
2388
378.0 393.0 400.0 391.0
646.5 499.5 690.0 496.0
2400
421.0 403.0 444.0 402.0
690.0 534.0 741.5 531.5
2412
462.0 414.0 488.0 413.0
308.0 427.0 308.0 427.0
735.5 579.5 794.0 577.0
2424
503.5 427.5 530.5 426.5
329.5 443.5 329.5 443.5
786.5 641.5 857.0 637.0
2436
542.5 444.5 573.0 442.0
338.0 444.0 338.0 444.0
361.0 465.0 361.0 465.0
853.0 732.0 940.0 729.0
2448
364.0 460.0 364.0 460.0
583.0 463.0 615.0 462.0
386.0 492.0 386.0 492.0
2460
306.0 396.0 330.0 395.0
387.5 477.5 420.0 476.0
624.5 487.5 661.0 484.0
400.0 525.0 400.0 525.0
412.5 515.5 412.5 515.5
2472
341.0 405.0 365.5 403.5
352.5 415.5 352.5 415.5
406.0 500.0 442.5 497.5
668.0 516.0 708.5 514.5
2484
375.0 414.0 402.0 413.0
387.0 425.0 387.0 425.0
418.0 527.0 459.0 523.0
715.5 552.5 761.0 550.0
417.5 587.5 417.5 587.5
775.5 627.5 775.5 627.5
2496
409.5 425.5 438.5 425.5
429.0 438.0 429.0 438.0
424.0 560.0 470.0 557.0
767.0 601.0 821.5 598.5
2508
438.0 439.0 468.0 438.0
455.0 453.0 455.0 453.0
422.5 597.5 474.0 594.0
822.5 659.5 886.0 658.0
408.0 665.0 408.0 665.0
2520
466.0 455.0 499.5 453.5
483.0 469.0 483.0 469.0
413.5 646.5 471.5 643.5
894.5 755.5 975.0 755.0
2532
492.5 473.5 529.0 473.0
388.0 712.0 460.0 709.0
2544
460.0 391.0 460.0 391.0
518.0 497.0 557.5 496.5
341.5 812.5 428.5 811.5
2556
540.5 526.5 586.0 524.0
2568
547.0 412.0 547.0 412.0
562.0 562.0 612.0 559.0
2580
390.0 410.0 390.0 410.0
592.5 426.5 592.5 426.5
580.5 607.5 639.0 605.0
2592
388.5 422.5 423.5 421.5
638.5 441.5 670.0 441.0
593.5 666.5 663.5 663.5
2604
320.0 418.0 320.0 418.0
416.5 435.5 416.5 435.5
422.0 437.0 457.5 434.5
688.0 461.0 723.0 460.0
602.5 752.5 687.5 750.5
2616
331.0 432.0 357.5 430.5
450.5 452.5 489.5 449.5
738.5 484.5 777.0 483.0
2628
299.0 406.0 299.0 406.0
363.0 447.0 391.0 446.0
480.5 470.5 523.0 467.0
791.0 513.0 836.0 511.0
2640
449.0 387.0 449.0 387.0
328.0 414.0 328.0 414.0
486.0 407.0 486.0 407.0
392.5 465.5 424.0 464.0
512.0 493.0 558.0 490.0
850.5 549.5 900.5 547.5
2652
422.0 396.0 422.0 396.0
488.0 394.0 488.0 394.0
530.0 419.0 530.0 419.0
317.5 425.5 355.0 425.0
419.0 487.0 453.5 485.5
539.0 520.0 590.5 516.5
918.0 598.0 976.0 596.0
1016.0 660.0 1016.0 660.0
2664
338.0 368.0 364.0 364.0
528.0 404.0 552.0 403.0
539.0 435.0 573.0 434.0
341.0 439.0 381.0 437.0
439.5 514.5 477.5 513.5
562.0 554.0 619.5 551.5
1001.5 664.5 1071.5 663.5
2676
375.0 373.0 402.0 371.0
568.5 414.5 594.0 413.0
472.0 421.0 503.0 419.0
363.0 452.0 405.0 450.0
580.0 452.0 618.0 450.0
451.5 550.5 495.5 549.5
580.5 597.5 647.0 596.0
1113.5 766.5 1204.0 767.0
2688
410.0 379.0 439.0 377.0
323.0 408.0 323.0 408.0
609.0 427.0 636.0 424.0
514.0 435.0 544.0 432.0
381.5 467.5 428.0 466.0
622.5 472.5 664.0 470.0
451.0 597.0 502.0 595.0
593.0 654.0 672.5 651.5
2700
444.5 388.5 475.5 385.5
313.0 420.0 350.0 419.0
650.5 440.5 682.0 438.0
587.0 449.0 587.0 449.0
397.5 486.5 446.0 484.0
666.5 497.5 713.0 495.0
436.5 656.5 497.0 654.0
601.5 737.5 699.0 735.0
2712
478.0 397.0 510.0 395.0
334.5 433.5 374.5 430.5
695.5 455.5 727.5 453.5
632.0 468.0 632.0 468.0
409.5 506.5 463.0 505.0
713.5 528.5 765.5 526.5
402.0 745.0 480.0 741.0
2724
510.0 408.0 544.0 406.0
356.0 447.0 356.0 447.0
491.5 461.5 491.5 461.5
740.5 474.5 777.0 472.0
635.0 494.0 677.0 492.0
415.5 533.5 474.5 530.5
763.5 568.5 823.0 566.0
410.0 780.0 410.0 780.0
2736
541.0 421.0 579.0 419.0
376.0 463.0 376.0 463.0
524.0 485.0 565.0 483.0
788.5 496.5 827.5 494.5
679.5 524.5 726.0 522.0
415.5 566.5 482.5 562.5
819.5 620.5 887.5 618.5
2748
321.0 392.0 321.0 392.0
571.5 436.5 612.0 434.0
557.0 513.0 601.5 510.5
838.0 524.0 883.5 521.5
726.5 563.5 779.5 559.5
408.5 604.5 483.5 600.5
887.5 695.5 973.0 693.0
2760
498.0 391.0 498.0 391.0
297.0 407.0 297.0 407.0
359.5 401.5 359.5 401.5
461.0 415.0 461.0 415.0
601.0 453.0 646.0 451.0
416.5 502.5 470.0 498.0
587.0 550.0 639.0 548.0
895.0 557.0 945.0 555.0
780.5 614.5 841.5 610.5
393.0 652.0 477.5 648.5
985.0 814.0 1090.5 812.5
2772
510.0 402.0 542.0 400.0
320.0 415.0 320.0 415.0
398.5 413.5 398.5 413.5
495.0 425.0 495.0 425.0
632.5 473.5 679.0 470.0
432.5 528.5 492.0 526.0
614.5 596.5 675.0 595.0
959.5 599.5 1016.5 598.5
842.5 685.5 919.0 683.0
358.0 718.0 464.0 714.0
2784
553.0 411.0 587.0 410.0
315.0 426.0 343.0 424.0
408.5 427.5 436.5 428.5
527.0 438.0 559.0 435.0
662.5 498.5 714.0 494.0
443.0 562.0 510.5 559.5
1035.0 657.0 1103.0 654.0
638.0 661.0 711.5 660.5
925.5 798.5 1023.5 796.5
301.5 815.5 433.5 814.5
2796
301.5 406.5 301.5 406.5
598.0 424.0 633.5 422.5
335.0 438.0 366.0 435.0
442.0 446.0 476.5 444.5 
691.5 527.5 750.5 524.5
449.5 601.5 527.0 599.0
1135.5 737.5 1218.0 736.0
659.5 759.5 751.0 757.0
2808
301.0 416.0 326.0 415.0
642.0 439.0 680.5 436.5
355.5 449.5 387.0 448.0
513.5 465.5 513.5 465.5
592.5 466.5 630.0 465.0
718.0 568.0 786.5 561.5
449.0 652.0 539.0 652.0
2820
324.0 426.0 350.0 425.0
689.0 456.0 731.5 453.5
372.5 464.5 408.0 463.0
626.5 485.5 669.0 485.0
512.5 494.5 551.5 492.5
744.0 615.0 823.5 610.5
443.0 728.0 552.5 725.5
2832
327.5 397.5 354.0 396.0
345.0 436.0 374.0 434.0
738.0 476.0 784.0 473.0
389.0 482.0 425.5 479.5
662.0 509.0 707.5 508.5
545.5 528.5 590.0 527.0
766.0 682.0 861.0 676.0
563.5 832.5 563.5 832.5
2844
356.5 405.5 382.5 403.5
306.0 412.0 306.0 412.0
309.0 437.0 309.0 437.0
366.5 447.5 396.0 445.0
789.0 500.0 841.5 497.5
402.5 503.5 443.0 501.0
699.5 538.5 749.0 536.0
576.0 573.0 628.0 570.0
784.5 774.5 901.0 771.0
2856
383.0 414.0 412.0 412.0
303.5 422.5 331.0 423.0
387.0 460.0 418.5 457.5
413.5 528.5 457.5 526.5
845.5 531.5 903.5 527.5
736.5 574.5 793.0 571.0
449.5 623.5 449.5 623.5
606.5 630.5 668.0 627.0
2868
369.0 389.0 369.0 389.0
411.0 424.0 441.0 422.0
326.5 434.5 355.5 432.5
404.5 473.5 438.5 472.5
421.0 560.0 469.5 556.5
907.5 569.5 974.5 567.5
772.5 615.5 772.5 615.5
777.0 618.0 841.5 614.5
635.5 710.5 712.0 709.0
2880
408.0 396.0 433.5 397.5
480.0 408.0 480.0 408.0
438.0 435.0 468.0 433.0
347.0 447.0 378.0 445.0
419.0 490.0 455.0 488.0
423.0 597.0 479.0 594.0
980.5 621.5 1058.0 618.0
819.5 676.5 896.0 674.0
667.5 836.5 766.0 837.0
2892
337.0 381.0 337.0 381.0
309.0 414.0 309.0 414.0
449.0 405.0 449.0 405.0
514.0 417.0 514.0 417.0
464.0 449.0 497.0 446.0
365.0 461.0 397.5 458.5
431.5 508.5 469.0 507.0
418.5 644.5 482.5 641.5
1072.5 695.5 1167.5 691.5
868.5 759.5 965.0 758.0
2904
370.0 387.0 397.0 387.0
306.5 425.5 335.0 424.0
512.0 431.0 548.0 429.0
490.5 463.5 527.0 461.0
382.5 476.5 416.5 473.5
438.0 531.0 479.5 529.5
401.0 707.0 478.0 705.0
1207.0 808.0 1326.0 804.0
2916
402.5 395.5 429.0 390.0
330.0 438.0 358.5 435.5
545.5 445.5 584.0 443.0
516.5 480.5 555.0 478.0
397.0 494.0 433.5 492.5
440.5 557.5 485.5 556.5
363.0 803.0 459.0 801.0
2928
303.0 397.0 329.0 396.0
433.5 402.5 464.5 399.5
615.0 434.0 615.0 434.0
350.5 451.5 350.5 451.5
579.0 461.0 619.0 459.0
541.5 501.5 584.0 498.0
408.5 514.5 449.5 513.5
438.0 589.0 488.5 587.5
2940
330.5 405.5 359.0 404.0
465.0 411.0 494.0 409.0
631.0 449.0 663.5 448.5
405.5 464.5 405.5 464.5
612.0 478.0 656.0 476.0
565.5 526.5 612.0 523.0
416.5 540.5 461.5 538.5
427.5 625.5 485.0 623.0
2952
558.0 410.0 587.0 409.0
497.0 421.0 527.0 420.0
360.0 415.0 388.5 413.5
679.5 466.5 716.5 465.5
388.5 484.5 425.5 481.5
647.0 502.0 695.0 499.0
395.5 524.5 395.5 524.5
587.5 556.5 641.5 553.5
421.0 570.0 470.5 568.5
408.5 671.5 475.5 670.5
2964
600.0 421.0 632.0 420.0
389.0 426.0 418.5 423.5
528.0 433.0 562.0 431.0
733.5 487.5 772.5 485.5
402.5 504.5 443.5 502.5
680.5 528.5 732.5 525.5
610.0 594.0 668.5 591.5
421.0 604.0 475.5 601.5
374.0 735.0 455.0 731.0
2976
307.0 375.0 307.0 375.0
645.5 435.5 679.0 433.0
416.5 438.5 448.5 436.5
559.5 446.5 595.5 444.5
789.5 513.5 834.5 510.5
414.5 528.5 458.5 526.5
714.0 561.0 774.0 558.0
628.5 639.5 697.5 636.5
415.5 644.5 477.5 643.5
322.5 821.5 417.5 821.5
2988
317.0 381.0 340.0 380.0
319.0 405.0 319.0 405.0
689.0 451.0 726.0 449.0
443.0 453.0 478.0 450.0
590.5 462.5 630.0 460.0
854.0 545.0 904.0 543.0
421.0 557.0 421.0 557.0
748.5 602.5 817.5 599.5
399.0 696.0 472.0 696.0
644.5 699.5 725.5 698.5
3000
351.0 388.0 376.0 387.0
737.0 469.0 776.0 467.0
470.0 470.0 507.5 467.5
623.5 481.5 665.5 478.5
927.5 588.5 985.5 585.5
422.5 593.5 422.5 593.5
786.0 655.0 865.0 653.0
368.0 770.0 458.5 766.5
655.5 787.5 754.5 786.5





